# Camera list with one line of data per camera:
#   CAMERA_ID, MODEL, WIDTH, HEIGHT, PARAMS[]
# Number of cameras: 29
29 SIMPLE_RADIAL 2016 4480 3359.6697208514947 1008 2240 0.012710451415963737
28 SIMPLE_RADIAL 2016 4480 3353.9805931434325 1008 2240 0.01863756940593584
27 SIMPLE_RADIAL 2016 4480 3371.3387168163481 1008 2240 0.019755750811362341
26 SIMPLE_RADIAL 2016 4480 3368.8545239486612 1008 2240 0.031474012150461778
25 SIMPLE_RADIAL 2016 4480 3342.3151406868546 1008 2240 -0.0049647740331295659
24 SIMPLE_RADIAL 2016 4480 3365.5175977918993 1008 2240 0.00055358086260303969
23 SIMPLE_RADIAL 2016 4480 3344.1925344224287 1008 2240 0.021195809293317634
22 SIMPLE_RADIAL 2016 4480 3355.2236571764247 1008 2240 0.013432707209153839
21 SIMPLE_RADIAL 2016 4480 3413.6898172781557 1008 2240 0.0033512841325159548
20 SIMPLE_RADIAL 2016 4480 3325.0496028136622 1008 2240 0.0048538451706656429
19 SIMPLE_RADIAL 2016 4480 3417.8596153444587 1008 2240 0.0081702930079536919
18 SIMPLE_RADIAL 2016 4480 3400.2465459370924 1008 2240 0.0090114593622945011
17 SIMPLE_RADIAL 2016 4480 3368.8128916821152 1008 2240 0.0077479772952878294
16 SIMPLE_RADIAL 2016 4480 3360.7541607804478 1008 2240 0.017950663892495364
15 SIMPLE_RADIAL 2016 4480 3388.1194469664342 1008 2240 0.020181509669935933
14 SIMPLE_RADIAL 2016 4480 3388.338159500358 1008 2240 0.00059566262834979001
1 SIMPLE_RADIAL 2016 4480 3425.0214293527933 1008 2240 0.052536943858371363
2 SIMPLE_RADIAL 2016 4480 3388.1717046403774 1008 2240 0.034302167090723173
3 SIMPLE_RADIAL 2016 4480 3417.4567289097831 1008 2240 -0.011773467584444695
4 SIMPLE_RADIAL 2016 4480 3391.7160480151456 1008 2240 -0.0094918103042514919
5 SIMPLE_RADIAL 2016 4480 3404.7374823106966 1008 2240 -0.0032910631466533643
6 SIMPLE_RADIAL 2016 4480 3379.0880689129876 1008 2240 0.016892925156628352
7 SIMPLE_RADIAL 2016 4480 3361.8713862371928 1008 2240 0.033312949887899061
8 SIMPLE_RADIAL 2016 4480 3372.5930516035833 1008 2240 0.017437188619481948
9 SIMPLE_RADIAL 2016 4480 3366.0342376313311 1008 2240 0.017513007336897986
10 SIMPLE_RADIAL 2016 4480 3251.9385482235266 1008 2240 0.035452892072527331
11 SIMPLE_RADIAL 2016 4480 3335.7654007806245 1008 2240 0.034196943823926948
12 SIMPLE_RADIAL 2016 4480 3367.1848731738205 1008 2240 0.010892739937088308
13 SIMPLE_RADIAL 2016 4480 3393.5176104338429 1008 2240 0.0084734057455587257
